1 0.6575 0.16333333333333333 0.11 0.32
1 0.48041666666666666 0.16375 0.10583333333333333 0.31583333333333335
1 0.8529166666666667 0.165 0.11083333333333334 0.32
1 0.29125 0.16666666666666666 0.10583333333333333 0.31
1 0.11166666666666666 0.16916666666666666 0.10333333333333333 0.31
1 0.8558333333333333 0.49166666666666664 0.10333333333333333 0.305
1 0.2941666666666667 0.4925 0.10333333333333333 0.31
1 0.4841666666666667 0.49375 0.10333333333333333 0.3075
1 0.10958333333333334 0.49625 0.1075 0.3125
8 0.6633333333333333 0.545 0.10666666666666667 0.20666666666666667
1 0.8608333333333333 0.8175 0.105 0.31333333333333335
1 0.6641666666666667 0.8195833333333333 0.11166666666666666 0.31416666666666665
1 0.29125 0.8220833333333334 0.11083333333333334 0.3175
1 0.485 0.8225 0.11166666666666666 0.315
1 0.10833333333333334 0.8241666666666667 0.10833333333333334 0.31166666666666665